0 2
1 1
2 2
3 2
4 6
5 8
6 28
7 42
8 162
9 262
10 1076
11 1828
12 7852
13 13820
14 61388
15 110954
16 505878
17 933458
18 4345660
19 8152860
20 38608380
21 73424650
22 352686780
23 678390116
24 3298016912
25 6405031050
26 31461151108
27 61606881612
28 305327366988
29 602188541928
30 3007925909860
31 5969806669034
32 30025731466702
33 59923200729046
34 303245304826388
35 608188709574124
36 3094730157069156
37 6234277838531806
38 31879944758698356
39 64477712119584604
40 331194905321543220
41 672265814872772972
42 3467218163455936984
43 7060941974458061392
44 36552357428969164528
45 74661728661167809752
46 387818985776813263384
47 794337831754570367812
48 4139008554512548149448
49 8499066628515413229282
50 44413783349492339114820
51 91412898898828176826244
52 478979026713221486433908
53 987975910996038555989486
54 5189611265170579047950948
55 10726008363361842734385644
