1 4
2 64
3 1764
4 68644
5 3341584
6 190992400
7 12310790116
8 871343837764
9 66469126179600
10 5391179227622500
11 460213149486493456
12 41024422751464102500
13 3795407861954983718544
14 362631040029370613957184
15 35638591665642822414493156
16 3590789985613539065908070116
17 369893506453438150061450367376
18 38866220168008806964113673621636
19 4157375360176027326992573513836816
20 451941325846553461679291076653712784
21 49856901566663706495093155854840977664
22 5574373726673846785262015564256866301504
23 630972590956552140178689031523936965667344
24 72234133555944353137506367999110899502235524
25 8356318085087381703378904447013751584567147536
26 976096400708452298489689567582140437244542544196
27 115047255410908196159353340586709223714770113294736
