
1 1
2 1
3 1
4 1
5 2
6 1
7 3
8 2
9 3
10 8
11 3
12 3
13 14
14 7
15 7
16 14
17 42
18 14
19 11
20 14
21 81
22 36
23 28
24 36
25 81
26 262
27 81
28 57
29 57
30 81
31 538
32 221
33 155
34 155
35 221
36 538
37 1828
38 538
39 353
40 316
41 353
42 538
43 3926
44 1530
45 1003
46 902
47 1003
48 1530
49 3926
50 13820
51 3926
52 2458
53 2053
54 2053
55 2458
56 3926
57 30694
58 11510
59 7214
60 6059
61 6059
62 7214
63 11510
64 30694
65 110954
66 30694
67 18575
68 14810
69 13827
70 14810
71 18575
72 30694
73 252939
74 92114
75 55880
76 44842
77 41908
78 44842
79 55880
80 92114
81 252939
82 933458
83 252939
84 149183
85 115009
86 102555
87 102555
88 115009
89 149183
90 252939
91 2172830
92 773259
93 457639
94 355293
95 317409
96 317409
97 355293
98 457639
99 773259
100 2172830
101 8152860
102 2172830
103 1255933
104 943860
105 814188
106 777708
107 814188
108 943860
109 1255933
110 2172830
111 19304190
112 6743122
113 3914103
114 2963536
115 2562549
116 2449650
117 2562549
118 2963536
119 3914103
120 6743122
121 19304190
122 73424650
123 19304190
124 10978240
125 8086913
126 6802987
127 6287040
128 6287040
129 6802987
130 8086913
131 10978240
132 19304190
133 176343390
134 60658606
135 34663182
136 25733325
137 21708775
138 20087780
139 20087780
140 21708775
141 25733325
142 34663182
143 60658606
144 176343390
145 678390116
146 176343390
147 98953078
148 71725012
149 59161450
150 53327362
151 51597756
152 53327362
153 59161450
154 71725012
155 98953078
156 176343390
157 1649008456
158 559952824
159 315884786
160 230811370
161 190978391
162 172424338
163 166910720
164 172424338
165 190978391
166 230811370
167 315884786
168 559952824
169 1649008456
170 6405031050
171 1649008456
172 915008430
173 654472364
174 531336134
175 469670987
176 443275881
177 443275881
178 469670987
179 531336134
180 654472364
181 915008430
182 1649008456
183 15730575554
184 5283239596
185 2948378068
186 2126296860
187 1732084288
188 1533952445
189 1448913995
190 1448913995
191 1533952445
192 1732084288
193 2126296860
194 2948378068
195 5283239596
196 15730575554
197 61606881612
198 15730575554
199 8645874055
200 6115504594
201 4900434978
202 4264078164
203 3946901403
204 3850064386
205 3946901403
206 4264078164
207 4900434978
208 6115504594
209 8645874055
210 15730575554
211 152663683494
212 50789908772
213 28084475514
214 20032488714
215 16109873842
216 14047273030
217 13016107885
218 12700919426
219 13016107885
220 14047273030
221 16109873842
222 20032488714
223 28084475514
224 50789908772
225 152663683494
226 602188541928
227 152663683494
228 83222134020
229 58309793101
230 46215209187
231 39696306398
232 36172993198
233 34607087103
234 34607087103
235 36172993198
236 39696306398
237 46215209187
238 58309793101
239 83222134020
240 152663683494
241 1503962954930
242 496244496986
243 272235255044
244 192375702851
245 153045671689
246 131755584048
247 120211210196
248 115072458773
249 115072458773
250 120211210196
251 131755584048
252 153045671689
253 192375702851
254 272235255044
255 496244496986
256 1503962954930
257 5969806669034
258 1503962954930
259 814034370857
260 565712237384
261 444211327034
262 377433607372
263 339535062199
264 319807857210
265 313664230345
266 319807857210
267 339535062199
268 377433607372
269 444211327034
270 565712237384
271 814034370857
272 1503962954930
273 15012865733351
274 4917825508730
275 2679335268990
276 1878154216860
277 1480517130582
278 1260978825820
279 1135953126488
280 1070754585622
281 1050431936160
282 1070754585622
283 1135953126488
284 1260978825820
285 1480517130582
286 1878154216860
287 2679335268990
288 4917825508730
289 15012865733351
290 59923200729046
291 15012865733351
292 8075140822059
293 5572017423973
294 4340281006007
295 3653919189091
296 3251780480869
297 3023825781129
298 2919895405595
299 2919895405595
300 3023825781129
301 3251780480869
302 3653919189091
303 4340281006007
304 5572017423973
305 8075140822059
306 15012865733351
307 151622652413194
308 49349650095583
309 26724349252635
310 18602068872985
311 14548097819651
312 12278393822485
313 10943780133017
314 10185694810847
315 9839667566665
316 9839667566665
317 10185694810847
318 10943780133017
319 12278393822485
320 14548097819651
321 18602068872985
322 26724349252635
323 49349650095583
324 151622652413194
325 608188709574124
326 151622652413194
327 81104392677315
328 55614936827124
329 43018881664722
330 35929112013366
331 31683169843176
332 29147637032774
333 27788019802800
334 27358764411512
335 27788019802800
336 29147637032774
337 31683169843176
338 35929112013366
339 43018881664722
340 55614936827124
341 81104392677315
342 151622652413194
343 1547365078534578
344 500753969047358
345 269722770909817
346 186590964861544
347 144924526557839
348 121357525439884
349 107191002066003
350 98712431388016
351 94159845671759
352 92721609578210
353 94159845671759
354 98712431388016
355 107191002066003
356 121357525439884
357 144924526557839
358 186590964861544
359 269722770909817
360 500753969047358
361 1547365078534578
362 6234277838531806
363 1547365078534578
364 823623153989568
365 561656499993915
366 431786420086593
367 358137325754612
368 313332208751406
369 285640431890558
370 269417975877002
371 261888175530454
372 261888175530454
373 269417975877002
374 285640431890558
375 313332208751406
376 358137325754612
377 431786420086593
378 561656499993915
379 823623153989568
380 1547365078534578
381 15939972379349178
382 5131987352501902
383 2751065231977616
384 1892771576197125
385 1461228095452495
386 1215271119651846
387 1065067449762170
388 972014966016888
389 917419947233588
390 892057941649494
391 892057941649494
392 917419947233588
393 972014966016888
394 1065067449762170
395 1215271119651846
396 1461228095452495
397 1892771576197125
398 2751065231977616
399 5131987352501902
400 15939972379349178
401 64477712119584604
402 15939972379349178
403 8446949362796756
404 5731881027534278
405 4382587066132286
406 3613009957964180
407 3139369130890714
408 2839548079285596
409 2654053071606489
410 2552464457057470
411 2520071475953112
412 2552464457057470
413 2654053071606489
414 2839548079285596
415 3139369130890714
416 3613009957964180
417 4382587066132286
418 5731881027534278
419 8446949362796756
420 15939972379349178
