0 1
1 1
2 1
3 1
4 1
5 1
6 1
7 1
8 2
9 2
10 1
11 1
12 2
13 3
14 3
15 1
16 1
17 2
18 4
19 8
20 8
21 1
22 1
23 2
24 4
25 9
26 14
27 14
28 1
29 1
30 2
31 4
32 10
33 21
34 43
35 42
36 1
37 1
38 2
39 4
40 10
41 22
42 52
43 81
44 81
45 1
46 1
47 2
48 4
49 10
50 23
51 61
52 131
53 272
54 262
55 1
56 1
57 2
58 4
59 10
60 23
61 62
62 142
63 345
64 538
65 538
66 1
67 1
68 2
69 4
70 10
71 23
72 63
73 153
74 420
75 915
76 1920
77 1828
78 1
79 1
80 2
81 4
82 10
83 23
84 63
85 154
86 433
87 1017
88 2519
89 3926
90 3926
91 1
92 1
93 2
94 4
95 10
96 23
97 63
98 155
99 446
100 1120
101 3146
102 6926
103 14649
104 13820
105 1
106 1
107 2
108 4
109 10
110 23
111 63
112 155
113 447
114 1135
115 3281
116 7844
117 19711
118 30694
119 30694
120 1
121 1
122 2
123 4
124 10
125 23
126 63
127 155
128 448
129 1150
130 3416
131 8776
132 25083
133 55674
134 118489
135 110954
136 1
137 1
138 2
139 4
140 10
141 23
142 63
143 155
144 448
145 1151
146 3433
147 8947
148 26399
149 63974
150 162594
151 252939
152 252939
153 1
154 1
155 2
156 4
157 10
158 23
159 63
160 155
161 448
162 1152
163 3450
164 9118
165 27712
166 72423
167 209875
168 468929
169 1002994
170 933458
171 1
172 1
173 2
174 4
175 10
176 23
177 63
178 155
179 448
180 1152
181 3451
182 9137
183 27923
184 74204
185 222496
186 545060
187 1398129
188 2172830
189 2172830
190 1
191 1
192 2
193 4
194 10
195 23
196 63
197 155
198 448
199 1152
200 3452
201 9156
202 28134
203 75981
204 235041
205 622616
206 1824949
207 4100003
208 8805410
209 8152860
210 1
211 1
212 2
213 4
214 10
215 23
216 63
217 155
218 448
219 1152
220 3452
221 9157
222 28155
223 76236
224 237379
225 640552
226 1946044
227 4810138
228 12433282
229 19304190
230 19304190
231 1
232 1
233 2
234 4
235 10
236 23
237 63
238 155
239 448
240 1152
241 3452
242 9158
243 28176
244 76491
245 239712
246 658380
247 2065849
248 5533227
249 16374993
250 36960316
251 79648888
252 73424650
253 1
254 1
255 2
256 4
257 10
258 23
259 63
260 155
261 448
262 1152
263 3452
264 9158
265 28177
266 76514
267 240015
268 661374
269 2090519
270 5711840
271 17545134
272 43695535
273 113678461
274 176343390
275 176343390
276 1
277 1
278 2
279 4
280 10
281 23
282 63
283 155
284 448
285 1152
286 3452
287 9158
288 28178
289 76537
290 240318
291 664363
292 2115046
293 5888530
294 18696838
295 50545069
296 150820899
297 341785050
298 738665040
299 678390116
300 1
301 1
302 2
303 4
304 10
305 23
306 63
307 155
308 448
309 1152
310 3452
311 9158
312 28178
313 76538
314 240343
315 664718
316 2118804
317 5921549
318 18951534
319 52321747
320 162237507
321 406669871
322 1063890616
323 1649008456
324 1649008456
325 1
326 1
327 2
328 4
329 10
330 23
331 63
332 155
333 448
334 1152
335 3452
336 9158
337 28178
338 76539
339 240368
340 665073
341 2122557
342 5954414
343 19203568
344 54069881
345 173413647
346 472541542
347 1420155120
348 3229522688
349 6996865599
350 6405031050
351 1
352 1
353 2
354 4
355 10
356 23
357 63
358 155
359 448
360 1152
361 3452
362 9158
363 28178
364 76539
365 240369
366 665100
367 2122968
368 5959052
369 19246816
370 54422726
371 176020213
372 490279035
373 1532707268
374 3863613980
375 10156518859
376 15730575554
377 15730575554
378 1
379 1
380 2
381 4
382 10
383 23
384 63
385 155
386 448
387 1152
388 3452
389 9158
390 28178
391 76539
392 240370
393 665127
394 2123379
395 5963685
396 19289899
397 54772539
398 178585838
399 507632647
400 1642287831
401 4506042037
402 13627843933
403 31085477306
404 67491558466
405 61606881612
406 1
407 1
408 2
409 4
410 10
411 23
412 63
413 155
414 448
415 1152
416 3452
417 9158
418 28178
419 76539
420 240370
421 665128
422 2123408
423 5964156
424 19295541
425 54828151
426 179063855
427 511343777
428 1668910009
429 4684178185
430 14748997812
431 37363313071
432 98635931623
433 152663683494
434 152663683494
435 1
436 1
437 2
438 4
439 10
440 23
441 63
442 155
443 448
444 1152
445 3452
446 9158
447 28178
448 76539
449 240370
450 665129
451 2123437
452 5964627
453 19301178
454 54883588
455 179538447
456 515006165
457 1694965469
458 4857449082
459 15834649146
460 43709690021
461 132933980698
462 304048850048
463 661370687363
464 602188541928
465 1
466 1
467 2
468 4
469 10
470 23
471 63
472 155
473 448
474 1152
475 3452
476 9158
477 28178
478 76539
479 240370
480 665129
481 2123438
482 5964658
483 19301713
484 54890366
485 179608831
486 515641437
487 1700131496
488 4896195579
489 16106998656
490 45511151647
491 144213436887
492 366939582498
493 972323924567
494 1503962954930
495 1503962954930
496 1
497 1
498 2
499 4
500 10
501 23
502 63
503 155
504 448
505 1152
506 3452
507 9158
508 28178
509 76539
510 240370
511 665129
512 2123439
513 5964689
514 19302248
515 54897139
516 179679030
517 516272903
518 1705240090
519 4934242781
520 16371992897
521 47253245257
522 155077912223
523 430371626111
524 1315436809855
525 3015979607106
526 6571177867129
527 5969806669034
528 1
529 1
530 2
531 4
532 10
533 23
534 63
535 155
536 448
537 1152
538 3452
539 9158
540 28178
541 76539
542 240370
543 665129
544 2123439
545 5964690
546 19302281
547 54897742
548 179687084
549 516360755
550 1706070421
551 4941294887
552 16427135058
553 47656781437
554 157874165288
555 448722569787
556 1429980808522
557 3652777067949
558 9711570455824
559 15012865733351
560 15012865733351
561 1
562 1
563 2
564 4
565 10
566 23
567 63
568 155
569 448
570 1152
571 3452
572 9158
573 28178
574 76539
575 240370
576 665129
577 2123439
578 5964691
579 19302314
580 54898345
581 179695133
582 516448412
583 1706896545
584 4948280698
585 16481424379
586 48050970367
587 160578870274
588 466367068388
589 1539743907074
590 4293569179189
591 13182411646150
592 30289914218115
593 66091526943964
594 59923200729046
595 1
596 1
597 2
598 4
599 10
600 23
601 63
602 155
603 448
604 1152
605 3452
606 9158
607 28178
608 76539
609 240370
610 665129
611 2123439
612 5964691
613 19302315
614 54898380
615 179695808
616 516457890
617 1707004865
618 4949350203
619 16490889347
620 48127922888
621 161163698861
622 470571482142
623 1568587476660
624 4481866870316
625 14355812667699
626 36800580479170
627 98134525466347
628 151622652413194
629 151622652413194
630 1
631 1
632 2
633 4
634 10
635 23
636 63
637 155
638 448
639 1152
640 3452
641 9158
642 28178
643 76539
644 240370
645 665129
646 2123439
647 5964691
648 19302316
649 54898415
650 179696483
651 516467363
652 1707112980
653 4950415081
654 16500278295
655 48203859456
656 161736798007
657 474656662565
658 1596323368095
659 4661900731148
660 15474663284941
661 43336989673169
662 133597774045517
663 307578898682553
664 672000501576374
665 608188709574124
666 1
667 1
668 2
669 4
670 10
671 23
672 63
673 155
674 448
675 1152
676 3452
677 9158
678 28178
679 76539
680 240370
681 665129
682 2123439
683 5964691
684 19302316
685 54898416
686 179696520
687 516468114
688 1707124038
689 4950547189
690 16501638058
691 48216373545
692 161842379157
693 475487875843
694 1602509174036
695 4705798878362
696 15773729508730
697 45282778553136
698 145716053197362
699 374734053783662
700 1001992077972352
701 1547365078534578
702 1547365078534578
703 1
704 1
705 2
706 4
707 10
708 23
709 63
710 155
711 448
712 1152
713 3452
714 9158
715 28178
716 76539
717 240370
718 665129
719 2123439
720 5964691
721 19302316
722 54898417
723 179696557
724 516468865
725 1707135091
726 4950679082
727 16502992754
728 48228801029
729 161946759019
730 476304741819
731 1608541737898
732 4748224219223
733 16059653893209
734 47133031061988
735 157215887593954
736 442001707225759
737 1367629471477035
738 3154292508269190
739 6899584284262178
740 6234277838531806
741 1
742 1
743 2
744 4
745 10
746 23
747 63
748 155
749 448
750 1152
751 3452
752 9158
753 28178
754 76539
755 240370
756 665129
757 2123439
758 5964691
759 19302316
760 54898417
761 179696558
762 516468904
763 1707135922
764 4950691884
765 16503152306
766 48230509790
767 161963084065
768 476447428528
769 1609703418480
770 4757151493126
771 16125057102402
772 47592806759114
773 160333467848003
774 462244943015999
775 1493724765892554
776 3852569119147607
777 10326580926704668
778 15939972379349178
779 15939972379349178
780 1
781 1
782 2
783 4
784 10
785 23
786 63
787 155
788 448
789 1152
790 3452
791 9158
792 28178
793 76539
794 240370
795 665129
796 2123439
797 5964691
798 19302316
799 54898417
800 179696559
801 516468943
802 1707136753
803 4950704681
804 16503311633
805 48232213024
806 161979310981
807 476588705579
808 1610847688579
809 4765887074059
810 16188528696215
811 48034798676922
812 163297272452982
813 481392677727857
814 1612837911489600
815 4550463753422571
816 14127500789462713
817 32636794077729292
818 71463977341979686
819 64477712119584604
820 1
821 1
822 2
823 4
824 10
825 23
826 63
827 155
828 448
829 1152
830 3452
831 9158
832 28178
833 76539
834 240370
835 665129
836 2123439
837 5964691
838 19302316
839 54898417
840 179696559
841 516468944
842 1707136794
843 4950705596
844 16503326351
845 48232404028
846 161981435856
847 476609746441
848 1611037922998
849 4767486352733
850 16201200791291
851 48130408449639
852 163989553756381
853 486226140493512
854 1645512072594900
855 4762420976230700
856 15448737775046262
857 39951099540888524
858 107326140052153379
859 165597452660771610
860 165597452660771610
861 1
862 1
863 2
864 4
865 10
866 23
867 63
868 155
869 448
870 1152
871 3452
872 9158
873 28178
874 76539
875 240370
876 665129
877 2123439
878 5964691
879 19302316
880 54898417
881 179696559
882 516468945
883 1707136835
884 4950706511
885 16503341064
886 48232594797
887 161983554724
888 476630676669
889 1611226513378
890 4769064680579
891 16213635060406
892 48223555213550
893 164658104653794
894 490848354275045
895 1676404518597245
896 4961886750669627
897 16691352664136853
898 47245636728095038
899 147134754232708241
900 340413744471949416
901 746110398746772740
902 672265814872772972
903 1
904 1
905 2
906 4
907 10
908 23
909 63
910 155
911 448
912 1152
913 3452
914 9158
915 28178
916 76539
917 240370
918 665129
919 2123439
920 5964691
921 19302316
922 54898417
923 179696559
924 516468945
925 1707136836
926 4950706554
927 16503342067
928 48232611611
929 161983781556
930 476633293902
931 1611253336964
932 4769315213007
933 16215807145689
934 48241277532775
935 164795622932622
936 491871412645695
937 1683747274568015
938 5012904135993972
939 17035610797831855
940 49478413612227591
941 161068436787687532
942 417549067691199172
943 1124016641597129635
944 1733609081727968492
945 1733609081727968492
