4 2
5 8
6 14
7 22
8 30
9 40
10 50
11 62
12 74
13 88
14 102
15 118
16 134
17 152
18 170
19 190
20 210
21 232
22 254
23 278
24 302
25 328
26 354
27 382
28 410
29 440
30 470
31 502
32 534
33 568
34 602
35 638
36 674
37 712
38 750
39 790
40 830
41 872
42 914
43 958
44 1002
45 1048
46 1094
47 1142
48 1190
49 1240
50 1290
51 1342
52 1394
53 1448
54 1502
55 1558
56 1614
57 1672
58 1730
59 1790
60 1850
61 1912
62 1974
63 2038
64 2102
65 2168
66 2234
67 2302
68 2370
69 2440
70 2510
71 2582
72 2654
73 2728
74 2802
75 2878
76 2954
77 3032
78 3110
79 3190
80 3270
81 3352
82 3434
83 3518
84 3602
85 3688
86 3774
87 3862
88 3950
89 4040
90 4130
91 4222
92 4314
93 4408
94 4502
95 4598
96 4694
97 4792
98 4890
99 4990
100 5090
101 5192
102 5294
103 5398
104 5502
105 5608
106 5714
107 5822
108 5930
109 6040
110 6150
111 6262
112 6374
113 6488
114 6602
115 6718
116 6834
117 6952
118 7070
119 7190
120 7310
121 7432
122 7554
123 7678
124 7802
125 7928
126 8054
127 8182
128 8310
129 8440
130 8570
131 8702
132 8834
133 8968
134 9102
135 9238
136 9374
137 9512
138 9650
139 9790
140 9930
141 10072
142 10214
143 10358
144 10502
145 10648
146 10794
147 10942
148 11090
149 11240
150 11390
151 11542
152 11694
153 11848
154 12002
155 12158
156 12314
157 12472
158 12630
159 12790
160 12950
161 13112
162 13274
163 13438
164 13602
165 13768
166 13934
167 14102
168 14270
169 14440
170 14610
171 14782
172 14954
173 15128
174 15302
175 15478
176 15654
177 15832
178 16010
179 16190
180 16370
181 16552
182 16734
183 16918
184 17102
185 17288
186 17474
187 17662
188 17850
189 18040
190 18230
191 18422
192 18614
193 18808
194 19002
195 19198
196 19394
197 19592
198 19790
199 19990
200 20190
201 20392
202 20594
203 20798
204 21002
205 21208
206 21414
207 21622
208 21830
209 22040
210 22250
211 22462
212 22674
213 22888
214 23102
215 23318
216 23534
217 23752
218 23970
219 24190
220 24410
221 24632
222 24854
223 25078
224 25302
225 25528
226 25754
227 25982
228 26210
229 26440
230 26670
231 26902
232 27134
233 27368
234 27602
235 27838
236 28074
237 28312
238 28550
239 28790
240 29030
241 29272
242 29514
243 29758
244 30002
245 30248
246 30494
247 30742
248 30990
249 31240
250 31490
251 31742
252 31994
253 32248
254 32502
255 32758
256 33014
257 33272
258 33530
259 33790
260 34050
261 34312
262 34574
263 34838
264 35102
265 35368
266 35634
267 35902
268 36170
269 36440
270 36710
271 36982
272 37254
273 37528
274 37802
275 38078
276 38354
277 38632
278 38910
279 39190
280 39470
281 39752
282 40034
283 40318
284 40602
285 40888
286 41174
287 41462
288 41750
289 42040
290 42330
291 42622
292 42914
293 43208
294 43502
295 43798
296 44094
297 44392
298 44690
299 44990
300 45290
