12 1828
13 13820
14 49566
15 143610
16 349822
17 779502
18 1584952
19 3065586
20 5588308
21 9849406
22 16648452
23 27450970
24 43847272
25 68719374
26 105008654
27 158049508
28 233008610
29 339266360
30 485488250
31 687518540
32 959310636
33 1326698396
34 1811416750
35 2454291402
36 3288192408
37 4375945868
38 5765958778
39 7552628500
40 9805645586
41 12663830686
42 16225440778
43 20690822864
44 26195887732
45 33024837356
46 41362553544
47 51605868100
48 64002409536
49 79098507676
50 97221048368
51 119112444208
52 145198640366
53 176476372274
54 213493972798
55 257574956270
56 309417162440
57 370760121866
58 442482679520
59 526849370284
60 624956110924
61 739724970432
62 872509753154
63 1027049926354
64 1205003337946
65 1411118443542
66 1647408576216
67 1919859955904
68 2230898133704
69 2588018441968
70 2994121185860
71 3458530906538
72 3984690597368
73 4584130521688
74 5260909234798
75 6029203153294
76 6893764528830
77 7871928699740
78 8969224083674
79 10206740403844
80 11590867976360
81 13147139302972
82 14882895367782
83 16828904094632
84 18993547272844
85 21413738796386
86 24098990841254
87 27093405226048
88 30407712605766
89 34094391049804
90 38165473375658
91 42683166390518
92 47660881268464
93 53172087662068
94 59231641887320
95 65926011421060
96 73271550654472
97 81369683595556
98 90238296925068
99 99995975968486
100 110662151949402
101 122375046730696
102 135155619979786
103 149164504490002
104 164424136910068
105 181120662815924
106 199277903725940
107 219110977861886
108 240644950031812
109 264127764600620
110 289585528947418
111 317303295813446
112 347307947566682
113 379926394269122
114 415185946638364
115 453460631554502
116 494777749471192
117 539564257140030
118 587846903441228
119 640111988008470
120 696385048035796
121 757218792532650
122 822636750798042
123 893265813578176
124 969126555597526
125 1050928583645196
126 1138688399958862
127 1233207688032732
128 1334497566171148
129 1443462044940020
130 1560105334461978
131 1685444979882082
132 1819476519811836
133 1963343275423460
134 2117030083212430
135 2281819391367028
136 2457683011550462
137 2646057060075318
138 2846897675644474
139 3061810465069688
140 3290732885475696
141 3535457227276172
142 3795898865542892
143 4074055433305180
144 4369816390045556
145 4685404943911864
146 5020680328516340
147 5378113238547356
148 5757527855766854
149 6161666063319806
150 6590311599150858
151 7046503152984930
152 7529978007684004
153 8044099317535546
154 8588551231324796
155 9167051196069736
156 9779222819086696
157 10429169984388444
158 11116447557761690
159 11845580464232230
160 12616045776357094
161 13432826675518142
162 14295312464419900
163 15208984576297684
164 16173133565742772
165 17193782059355536
166 18270109812787080
167 19408726708304690
168 20608688492041592
169 21877241679594700
170 23213303545611026
171 24624810123001262
172 26110524417089658
173 27679128568827664
174 29329214077718014
175 31070269712788588
176 32900696684552340
177 34830855058508496
178 36858935325664846
179 38996237893978872
180 41240720336822912
181 43604697081517006
182 46085868691762522
183 48697642171586864
184 51437434970673370
185 54319830368865380
186 57341934444387526
187 60519595881409050
188 63849578829532736
189 67349092218051660
190 71014525272923508
191 74864548017654224
192 78895139158558788
193 83126536996383248
194 87554271350494912
195 92200262635864714
196 97059550486263566
197 102155858255649008
198 107483690974448018
199 113068703114696910
200 118904817370612768
201 125019755226776232
202 131406805807680720
203 138095901596042522
204 145079643197552520
205 152390326580759960
206 160019804943668782
207 168002899135537574
208 176330651904922138
209 185040579705720914
210 194122847396300696
211 203617847548151614
212 213514795034496076
213 223857149299199918
214 234633098237881600
215 245889369634651670
216 257613042237907808
217 269854324866538826
218 282599099484359674
219 295901280371556920
220 309745459325863650
221 324189492771888740
222 339216582899385458
223 354888777787954772
224 371187784188537024
225 388180104736430392
226 405845838209896590
227 424256218673881486
228 443389617340951748
229 463322291185384248
230 484030756832104026
231 505596600873968600
232 527994350542875130
233 551311244635920142
234 575519678002040518
235 600712880804411860
236 626860963919992892
237 654063505305592016
238 682288171279747940
239 711641262000761072
240 742087829195748384
241 773741288385457656
242 806563896761178472
243 840676597881313856
244 876038664099659810
245 912778999988961606
246 950853691905601678
247 990400059565054250
248 1031370790789706532
249 1073912096556582726
250 1117973041741660016
251 1163709227558950792
252 1211065859092789684
253 1260208450559264040
254 1311078097396902526
255 1363850774299485662
256 1418463203640789170
257 1475102393729909514
258 1533700416272820596
259 1594455913016256708
260 1657296012573009784
261 1722431617643075668
262 1789784605881501084
263 1859578797192125570
264 1931730494283063276
265 2006477120366790764
266 2083729062383550366
267 2163738063916906466
268 2246408237804129050
269 2332006397157714720
270 2420430004106386266
271 2511961723765954904
272 2606491971900449296
273 2704320082625401956
274 2805329009878347122
275 2909835609534364124
276 3017714937604823076
277 3129302261577023934
278 3244464281940516386
279 3363555606053334428
280 3486434098959645542
281 3613474675905242176
282 3744525863321565778
283 3879983893563638934
284 4019687427097522676
285 4164055065240508064
286 4312915050041329640
287 4466709447733869616
288 4625255503394179044
289 4789019889798971192
290 4957808249359691404
291 5132113050243812178
292 5311727698368043698
293 5497171694954038344
294 5688225546357317318
295 5885437075034227598
296 6088573194346671276
297 6298211388364188704
298 6514104252558824960
299 6736860326916663378
300 6966217131461642340
