8 42
9 262
10 752
11 1772
12 3516
13 6480
14 10948
15 17808
16 27434
17 41246
18 59736
19 85052
20 117744
21 160994
22 215332
23 285252
24 371234
25 479426
26 610100
27 771552
28 963652
29 1197308
30 1471844
31 1801320
32 2184214
33 2638462
34 3161344
35 3775360
36 4476296
37 5292002
38 6216272
39 7283312
40 8484370
41 9860962
42 11401300
43 13155280
44 15107344
45 17317104
46 19764420
47 22519892
48 25558070
49 28961938
50 32699724
51 36868500
52 41429064
53 46494214
54 52016296
55 58125608
56 64764710
57 72083514
58 80013348
59 88725780
60 98139552
61 108450088
62 119561832
63 131696640
64 144742830
65 158951178
66 174192148
67 190748100
68 208469516
69 227673426
70 248188064
71 270368116
72 294017422
73 319531494
74 346687192
75 375924488
76 406990520
77 440373252
78 475787480
79 513772888
80 554008842
81 597090970
82 642659948
83 691371464
84 742824372
85 797738754
86 855667996
87 917401440
88 982443182
89 1051656566
90 1124492712
91 1201893944
92 1283254164
93 1369600232
94 1460264392
95 1556363460
96 1657163738
97 1763877662
98 1875700712
99 1993947228
100 2117736772
101 2248491734
102 2385250820
103 2529550872
104 2680344178
105 2839289086
106 3005245672
107 3180000700
108 3362316404
109 3554115152
110 3754055036
111 3964201904
112 4183103170
113 4412975878
114 4652250400
115 4903302988
116 5164439896
117 5438205330
118 5722774092
119 6020866916
120 6330520010
121 6654639514
122 6991115148
123 7343048112
124 7708173468
125 8089796956
126 8485491004
127 8898775688
128 9327052046
129 9774065094
130 10237035432
131 10719943440
132 11219820432
133 11740892914
134 12279993240
135 12841605648
136 13422353562
137 14026990362
138 14651920780
139 15302179104
140 15973940744
141 16672533552
142 17393892668
143 18143651956
144 18917495566
145 19721376186
146 20550715348
147 21411798308
148 22299772016
149 23221267830
150 24171146384
151 25156399048
152 26171587470
153 27224077906
154 28308119996
155 29431469540
156 30588051384
157 31786025928
158 33018979456
159 34295493024
160 35608800230
161 36967918610
162 38365715196
163 39811660244
164 41298239316
165 42835392674
166 44415209128
167 46048115988
168 47725790294
169 49459163870
170 51239485904
171 53078211288
172 54966144880
173 56915282948
174 58915969808
175 60980761848
176 63099525538
177 65285397250
178 67527747892
179 69840313432
180 72211951772
181 74657018546
182 77163840068
183 79747412864
184 82395512662
185 85123797838
186 87919474816
187 90798885256
188 93748646380
189 96785805768
190 99896371104
191 103098118244
192 106376425298
193 109749819238
194 113203027344
195 116755351788
196 120390847308
197 124129615078
198 127955015884
199 131887974200
200 135911134202
201 140046269238
202 144275283744
203 148620825228
204 153064035564
205 157628462224
206 162294460404
207 167086504656
208 171984138906
209 177012791598
210 182151171112
211 187425687132
212 192814186880
213 198344089986
214 203992356404
215 209787444100
216 215705399986
217 221775749298
218 227973598756
219 234329571200
220 240817805492
221 247470052092
222 254259454676
223 261218921896
224 268320573510
225 275598508366
226 283023793040
227 290631748256
228 298392358488
229 306342198594
230 314450140576
231 322754047152
232 331221646946
233 339892123922
234 348732032772
235 357781912688
236 367007112384
237 376449561776
238 386073370996
239 395921895828
240 405957975590
241 416226427682
242 426688786844
243 437391369396
244 448294371160
245 459445644326
246 470804011832
247 482418899304
248 494247721270
249 506341515946
250 518656253332
251 531244623028
252 544061114768
253 557160108968
254 570494577752
255 584120633408
256 597989692510
257 612159639898
258 626580299044
259 641311368676
260 656301039964
261 671610868530
262 687187373424
263 703094009780
264 719275585118
265 735797497366
266 752602801416
267 769758882984
268 787207002600
269 805016578372
270 823127035144
271 841609868696
272 860402625146
273 879578924970
274 899074391868
275 918964817640
276 939183860292
277 959809530274
278 980773474860
279 1002155972256
280 1023886613310
281 1046047992678
282 1068567599512
283 1091530394328
284 1114861717508
285 1138648946664
286 1162815225656
287 1187450400004
288 1212475369738
289 1237982499822
290 1263890397304
291 1290293999996
292 1317109572116
293 1344434677302
294 1372183187540
295 1400455346008
296 1429162581186
297 1458407871406
298 1488100149656
299 1518345184604
300 1549049362212
