14 13820
15 110954
16 427580
17 1328456
18 3476110
19 8294446
20 18057566
21 37282532
22 72489674
23 135922868
24 244169906
25 426899404
26 722325334
27 1196729072
28 1931380856
29 3064584562
30 4758812456
31 7286433988
32 10955649610
33 16277801502
34 23811490298
35 34478030584
36 49251158414
37 69732024240
38 97561060990
39 135434495122
40 186033470786
41 253772399408
42 342917743634
43 460517169320
44 613198038902
45 811961387360
46 1066879196662
47 1394776022394
48 1810660225416
49 2339786469742
50 3004120323104
51 3840931662864
52 4881840370582
53 6180996590444
54 7783232782650
55 9766099114006
56 12192278403700
57 15171366122404
58 18789871202518
59 23200779467946
60 28522052785644
61 34964809635204
62 42688105957976
63 51980186253466
64 63053276682290
65 76297012731768
66 91991800401042
67 110659421678390
68 132666969542246
69 158707082192394
70 189256187771878
71 225226164420874
72 267230314231044
73 316459833838952
74 373698163148546
75 440489983036528
76 517828791334204
77 607703781395814
78 711366156955884
79 831360729767838
80 969252963018414
81 1128278223474372
82 1310382988285688
83 1519656258280248
84 1758503942795796
85 2032064840483792
86 2343295965918146
87 2698620862559474
88 3101654307328846
89 3560384799954022
90 4079208450215066
91 4668011556832880
92 5332114109421190
93 6083694092679128
94 6929159118632862
95 7883443273697552
96 8954229181094030
97 10159752661492076
98 11509184973472698
99 13024702632157822
100 14717208129151258
101 16613564519246644
102 18726680097188306
103 21088972349318366
104 23715665046487586
105 26645737091794612
106 29897075774960326
107 33516386467011758
108 37524609914735924
109 41977522160378578
110 46899552879229364
111 52357095681245132
112 58378553918764180
113 65042714405357830
114 72382492190287556
115 80491100466697006
116 89406561306484894
117 99238836965239338
118 110031713259335774
119 121914548872602124
120 134937615796215764
121 149252679883060666
122 164917291700458112
123 182109041123101832
124 200893623863713662
125 221478323600449830
126 243937926295015592
127 268513783387347880
128 295290798914186200
129 324549326535879978
130 356385502888242396
131 391124240277012036
132 428874113168987596
133 470010837919265180
134 514656726422783270
135 563245306780792212
136 615914025522861624
137 673162072178102052
138 735143525842081356
139 802432015720962854
140 875199854607106602
141 954104912556454582
142 1039339442190381264
143 1131656480700465584
144 1231270033119000804
145 1339040465804042888
146 1455205455697070662
147 1580746216256831182
148 1715926122141070430
149 1861862237473324138
150 2018845765492915014
151 2188146250158883744
152 2370084956552882404
153 2566102314756737610
154 2776551983142866960
155 3003065624451608140
156 3246031714676276170
157 3507295611518678510
158 3787283118560329524
159 4088078055902929578
160 4410146140950120176
161 4755836932099681748
162 5125658712081641694
163 5522256780160303910
164 5946184687487795524
165 6400416438219938214
166 6885553590110680770
167 7404935029098629054
168 7959213074020077362
169 8552131151486970262
170 9184395089885549302
171 9860196286240401952
172 10580296794840665294
173 11349383492312345386
174 12168277313921731500
175 13042212534084872686
176 13972071529129152674
177 14963692651251826416
178 16018022144349029326
179 17141564256350300038
180 18335331348931220704
181 19606560922503703926
182 20956333481971807592
183 22392693103879736954
184 23916790182417331568
185 25537555116292387308
186 27256209595668854752
187 29082656994279595742
188 31018191298309136746
189 33073782932516266172
190 35250798697571147612
191 37561378116629081266
192 40006960760010184750
193 42600965849967407466
194 45344905027577073656
195 48253596987291800864
196 51328623987650090728
197 54586333796988130904
198 58028376974828296536
199 61672770488910673826
200 65521229900237462108
201 69593592763476172904
202 73891635227014792786
203 78437178863151546276
204 83232054736844016816
205 88300244738234685830
206 93643627765807113628
207 99288536072992979952
208 105236887726842527842
209 111517570059978439060
210 118132529878529182172
211 125113429957918671880
212 132462233450481459878
213 140213615619730183570
214 148369541392105740630
215 156967953336879278852
216 166010801171790546812
217 175539568512192645436
218 185556170222725111072
219 196105924843021336934
220 207190689807325132922
221 218859933875728572220
222 231115431251867224850
223 244011138978483056560
224 257548718692449794642
225 271786977969353472962
226 286727432669990686788
227 302434128836993605662
228 318908399112905801388
229 336219943198926129296
230 354369868457560259948
231 373433972354620909084
232 393413089875970011374
233 414389591013789449130
234 436363985804048052110
235 459425724011723248824
236 483574932199272402536
237 508908681559525348802
238 535426650200477781930
239 563234108825388803902
240 592330215111281758716
241 622829055899996546480
242 654729188890082374514
243 688154174461076840612
244 723101882600209459246
245 759706047727330712916
246 797963755549338725184
247 838019660576697430292
248 879869958136848122538
249 923671016993744566104
250 969418025727080308532
251 1017279912315320558030
252 1067250731171250669530
253 1119512868058107464528
254 1174059103920327623518
255 1231086237431839082902
256 1290585624001605942732
257 1352769489977558743526
258 1417627599467617378846
259 1485388684116996382242
260 1556040736278378719126
261 1629830136751586546524
262 1706742909941468965288
263 1787044299419176386454
264 1870718148604111301124
265 1958049850897600552110
266 2049020837678612703930
267 2143938016531648643212
268 2242780156482051810892
269 2345877124965564987642
270 2453204757776617762354
271 2565117413381614898566
272 2681587701521829823332
273 2802996092769827428844
274 2929311654587628449274
275 3060942685198523320232
276 3197854368621784632358
277 3340484645513199070282
278 3488794448729777648790
279 3643253280356136137008
280 3803817426104290056216
281 3970989977884987792670
282 4144722148227126878966
283 4325552762069109426672
284 4513427500774317642254
285 4708923185949802027718
286 4911979475877748550646
287 5123213578781144949908
288 5342558601926697394706
289 5570674662513805097592
290 5807487750646267238240
291 6053703553637345243994
292 6309240337759485641088
293 6574852166974247821858
294 6850448934116666341990
295 7136836038613214599752
296 7433914304778336664974
297 7742543585770925236950
298 8062614894157537666970
299 8395045821999682829880
300 8739716775954711526094
