10 262
11 1828
12 5968
13 15818
14 35230
15 72174
16 135092
17 241670
18 408156
19 669006
20 1053446
21 1623340
22 2426888
23 3569924
24 5126898
25 7269608
26 10109160
27 13912716
28 18839132
29 25291876
30 33489458
31 44023688
32 57187710
33 73827420
34 94325272
35 119866564
36 150937074
37 189165700
38 235157810
39 291113198
40 357769408
41 438055610
42 532850452
43 646000374
44 778534178
45 935438574
46 1117892968
47 1332294172
48 1579962814
49 1869019622
50 2200913168
51 2585852422
52 3025384868
53 3532237966
54 4108011014
55 4768443188
56 5515126892
57 6367376914
58 7326694394
59 8416622908
60 9638458804
61 11020713320
62 12564342824
63 14303661070
64 16239108868
65 18411755756
66 20821307814
67 23516656586
68 26496519420
69 29818801600
70 33480919450
71 37551137474
72 42025194946
73 46983207548
74 52418809802
75 58425620682
76 64994662096
77 72234902484
78 80134155758
79 88818772596
80 98272688726
81 108641871718
82 119905602266
83 132231939880
84 145594617502
85 160186493534
86 175974758668
87 193180028014
88 211761814986
89 231971744058
90 253760366838
91 277413853416
92 302872375398
93 330460490310
94 360106392514
95 392177226302
96 426587420246
97 463751248562
98 503567414356
99 546502232166
100 592436496568
101 641893899580
102 694734905864
103 751546334796
104 812165682428
105 877249083560
106 946608152756
107 1020975032128
108 1100132250162
109 1184895136572
110 1275013660210
111 1371394037236
112 1473749868444
113 1583086546512
114 1699077143576
115 1822835091088
116 1953988444656
117 2093768142944
118 2241752335374
119 2399299625286
120 2565932942858
121 2743149380406
122 2930410942780
123 3129364738102
124 3339405663572
125 3562343164814
126 3797498347712
127 4046856089340
128 4309656550552
129 4588073944310
130 4881259773644
131 5191592402210
132 5518126374962
133 5863459907014
134 6226541730974
135 6610206544072
136 7013287758018
137 7438874221302
138 7885673833642
139 8357048273552
140 8851569091170
141 9372890531956
142 9919436201596
143 10495173828478
144 11098366688142
145 11733318054232
146 12398117738206
147 13097427818226
148 13829150638102
149 14598331669056
150 15402670876234
151 16247623008458
152 17130669877412
153 18057702743612
154 19025968498326
155 20041823638734
156 21102262334750
157 22214136500668
158 23374168796254
159 24589738249152
160 25857276090556
161 27184721825114
162 28568194165658
163 30016228084164
164 31524607563172
165 33102499724650
166 34745330332504
167 36462937199878
168 38250363059212
169 40118156769270
170 42060951950558
171 44090050743160
172 46199650140848
173 48401849861494
174 50690381269898
175 53078187972990
176 55558505274968
177 58145169069378
178 60830886563856
179 63630436612370
180 66535964627886
181 69563245326372
182 72703827026768
183 75974535515616
184 79366284926762
185 82897009834764
186 86556951247780
187 90365212700068
188 94311321348376
189 98415612397976
190 102666856438454
191 107086685815620
192 111663069780974
193 116419005988732
194 121341615599376
195 126455332529736
196 131746380895122
197 137240704849424
198 142923580236398
199 148822538381006
200 154921853431332
201 161250723868918
202 167792366295688
203 174577729632522
204 181588914581946
205 188858707020614
206 196368030973344
207 204151599123432
208 212189095368230
209 220517252642282
210 229114448517836
211 238019533148430
212 247209508917344
213 256725443795650
214 266542893184858
215 276705247381088
216 287186539997532
217 298032591995378
218 309215837470674
219 320784640332784
220 332709754230628
221 345042202543348
222 357750974250164
223 370889872882654
224 384426035328152
225 398416170229352
226 412825471470362
227 427713682348462
228 443043959246484
229 458879214163864
230 475180467993922
231 492013940114718
232 509338414142218
233 527223560462368
234 545625819728710
235 564618461828546
236 584155474971612
237 604313882036776
238 625045105184530
239 646430079117232
240 668417542109622
241 691092504766022
242 714400899519698
243 738431982337676
244 763128753391086
245 788584889216778
246 814740326723688
247 841693343875790
248 869380678853822
249 897905397696950
250 927200899568170
251 957375231399580
252 988358308102094
253 1020263356388286
254 1053016656855258
255 1086736821104842
256 1121346340151534
257 1156969422212150
258 1193524608121296
259 1231141920944846
260 1269735785533988
261 1309442264706000
262 1350171495918972
263 1392065813731128
264 1435030891059836
265 1479215573165128
266 1524520885672332
267 1571102430638932
268 1618856397623410
269 1667945399151144
270 1718260593775454
271 1769971865617796
272 1822965141260512
273 1877417845175820
274 1933210464548940
275 1990528241040276
276 2049246008403896
277 2109557110287512
278 2171330506512406
279 2234767935655074
280 2299732256177698
281 2366433903144026
282 2434729399158392
283 2504838185816590
284 2576610208439536
285 2650274233876098
286 2725673381332100
287 2803046070806840
288 2882228338994088
289 2963468595978646
290 3046595532138692
291 3131867893811046
292 3219106753347186
293 3308581549256978
294 3400105456078362
295 3493958970029864
296 3589947080133894
297 3688361715667378
298 3788999384004766
299 3892163833186020
300 3997642784198362
