16 110954
17 933458
18 3807200
19 12513610
20 34717772
21 87687178
22 202174358
23 441207224
24 906541750
25 1793153896
26 3396104098
27 6250012108
28 11124470602
29 19358656320
30 32794833110
31 54546411680
32 88730281322
33 142142103262
34 223464482298
35 346760362074
36 529449150650
37 799327253684
38 1189858842494
39 1753820291130
40 2553096579962
41 3684400961794
42 5258373627988
43 7446721651096
44 10441382260818
45 14538665665738
46 20062626469652
47 27511672254352
48 37419614672424
49 50605533057832
50 67929327908542
51 90708777053522
52 120301058877456
53 158785452632052
54 208264146532680
55 271959823675448
56 353072833092464
57 456516198047930
58 587084856805186
59 752155100139926
60 958805228323500
61 1217953639181862
62 1539906245524924
63 1940612024309414
64 2434884558304950
65 3045735155198652
66 3794202185515112
67 4713104852371292
68 5831987387063628
69 7197152174279700
70 8849651789185150
71 10854148534800256
72 13267121228069784
73 16178009452321136
74 19663789514283718
75 23847056832271388
76 28831799207163146
77 34784626748196502
78 41844845185887726
79 50237054827107280
80 60146399308171066
81 71873336832677666
82 85662086116638370
83 101911664553851932
84 120941919279317238
85 143279098215852268
86 169339256368748354
87 199811878688965578
88 235234670467092212
89 276505329228284392
90 324314497600932380
91 379823976487799996
92 443915625875940794
93 518084464825175502
94 603450179979028780
95 701926077511409498
96 814926158139782912
97 944886253261497400
98 1093582834136335702
99 1264101436635753086
100 1458662889598807828
101 1681156967664122252
102 1934346838685290644
103 2223113551416110182
104 2550879394015167122
105 2923742205589610376
106 3345922059875110278
107 3825004515799648400
108 4366171485656862156
109 4978820602106491866
110 5669289029687664972
111 6449173484104090612
112 7326193646387476438
113 8314605593362595200
114 9423777695717601808
115 10671171106549253030
116 12068113657743356076
117 13635916646643839758
118 15388229114592540958
119 17350972807117673870
120 19540537831727283910
121 21988350004075537324
122 24714026425650777338
123 27755544460176518030
124 31136309065990152714
125 34902073776699800544
126 39080677046864022966
127 43727076690731723316
128 48874285988894505718
129 54588128376467706848
130 60907641050970866242
131 67911441159022625662
132 75645559984928864206
133 84203640932806531548
134 93639815298665931262
135 104065332075368997724
136 115543680384583531882
137 128206688377273176100
138 142128630401119097052
139 157465334669152693808
140 174303477132864216918
141 192826813615448558428
142 213136248223742781596
143 235447964744523688966
144 259879155288752165672
145 286683578442703059874
146 315997032668339605106
147 348116726587035526090
148 383199669260541058616
149 421593213950169910924
150 463478500207843650564
151 509260640771818851750
152 559148173463735079652
153 613612617235536790908
154 672893558741084916482
155 737538725273977405390
156 807822823351147310516
157 884380882499841405850
158 967527261263021648584
159 1057996827451089141834
160 1156148628721263567978
161 1262831515055272448836
162 1378454812316088478320
163 1503997286664971955774
164 1639924733831928801428
165 1787363760583305456572
166 1946843480954308651038
167 2119658477038560170982
168 2306408744403002585104
169 2508579426564367451778
170 2726849740669881453494
171 2962920693142191769796
172 3217559905788229789754
173 3492712553680359275206
174 3789244759936598061258
175 4109377493997368497528
176 4454086465618055047742
177 4825903728972822642720
178 5225926734267252602418
179 5657037951394462728796
180 6120469877978796885122
181 6619499180919251437702
182 7155507955133661402646
183 7732215742079628594314
184 8351170121715843461624
185 9016587568949922829746
186 9730198474714014678252
187 10496776214686423035112
188 11318252860765270248230
189 12200025137363663414010
190 13144247322932309632820
191 14157013039964040926210
192 15240721071939611927760
193 16402243262905922792342
194 17644247095998005307238
195 18974472462898508759926
196 20395881766435988742640
197 21917182062896613467532
198 23541659055580923290780
199 25279096225478070340504
200 27133133259426143829246
201 29114750386985784746704
202 31227974411647825452578
203 33485114693047654550266
204 35890620888445742945456
205 38458276998741289385982
206 41192994036325292896856
207 44110190439720012061632
208 47215280008496157781242
209 50525490944961403449158
210 54046784371132885798556
211 57798390448703295306882
212 61786865439258709018784
213 66033651969750834623290
214 70545952724843304599026
215 75347653161667011427336
216 80446657328048567837146
217 85869545398848115047406
218 91624981577489009823166
219 97742515952413444197486
220 104231635728413145068034
221 111125161327331791083694
222 118433470060240804675926
223 126192980379882949144670
224 134415031278066772557298
225 143139996413870047609602
226 152380252718305667437438
227 162180518066186114888654
228 172554288488123917898842
229 183551049439229697816396
230 195185502333008034332606
231 207512360620871436185334
232 220547622728659671576706
233 234351730453588898075630
234 248942076434120133585536
235 264385374175034099747664
236 280700513524047089434422
237 297961069354492121852912
238 316187537741568645942388
239 335460994394950567785786
240 355803656880997248683612
241 377304794761121074053082
242 399988468823532589581910
243 423952893031717167353568
244 449224099811304501834348
245 475910059861299144849048
246 504038912557832387082224
247 533729263975573222077800
248 565011502857945314918656
249 598015820416414010765966
250 632775004480121386024962
251 669431857400900147004474
252 708021723301378520418432
253 748701123365143824561406
254 791508122881250388733972
255 836614157031098492595442
256 884060184969938200642498
257 934033844664902204683862
258 986579169809053191286844
259 1041901390091748257525030
260 1100047802513565822764572
261 1161242724497492138252722
262 1225536913323960571313286
263 1293175384583425042659778
264 1364212561090953840231884
265 1438915889251336253500288
266 1517343671003843439609098
267 1599787646684091817051280
268 1686310219301211953224022
269 1777229425454936406403214
270 1872611999512447404089494
271 1972804425150364448921276
272 2077878006672875088156858
273 2188209983929991064745838
274 2303876477938245395265766
275 2425287962475009935519212
276 2552525630099278065125610
277 2686035845898755433537818
278 2825905136666732318462126
279 2972618607412148134649220
280 3126268389466379974652112
281 3287381379856318546738162
282 3456055592055094190766672
283 3632862983639019829974562
284 3817907734747012187963118
285 4011810362144488959614334
286 4214681503627224642707812
287 4427193978331323765297502
288 4649465178633707076382208
289 4882224228994764956538244
290 5125595578609571699609838
291 5380368936052724058708794
292 5646676114172398410661860
293 5925371977222415924794288
294 6216596012319887490434900
295 6521273121592014711461174
296 6839550779894841723065586
297 7172429138864025748034962
298 7520063976373339807813138
299 7883536254457688791643846
300 8263010369922697676346484
