18 933458
19 8152860
20 34816270
21 119865856
22 349184078
23 925302318
24 2240280798
25 5127673790
26 11051733878
27 22904069206
28 45438029342
29 87492820578
30 162876824646
31 296115948094
32 523860979306
33 908960663970
34 1541779737108
35 2572894318172
36 4211673998282
37 6798741735218
38 10793859604444
39 16930203268064
40 26171172307470
41 40027543721866
42 60436331158166
43 90392603715212
44 133650319046920
45 195945295689574
46 284317074250502
47 409413425770800
48 584048389298010
49 827438888243618
50 1162288583367204
51 1622401674541160
52 2247025087257806
53 3094243937514704
54 4230388682510586
55 5753137671061686
56 7772290038678326
57 10448874460038076
58 13961192462935964
59 18569874494190454
60 24559363540063458
61 32344364773917362
62 42371217676027180
63 55289394806389298
64 71788587615240232
65 92870987233129680
66 119587113908212834
67 153462161537007656
68 196074872971816972
69 249716437502567888
70 316729661503848444
71 400514710037036468
72 504507219405038060
73 633695504031819438
74 793061777285135210
75 989845515496323482
76 1231195883338697400
77 1527512573226454850
78 1888952389070028842
79 2330310955973483648
80 2865882414336250548
81 3516524454593216912
82 4302174577690415530
83 5251981713073608042
84 6393519334297964994
85 7767188305871698152
86 9410815636967878908
87 11379959095319950952
88 13726114366761268930
89 16525112471171511878
90 19846544661480799154
91 23793176506086206380
92 28458397752583271282
93 33980529159220607464
94 40484062447421265382
95 48153965820011567226
96 57155133518926987414
97 67733375382092030118
98 80105768019161177610
99 94597031103893536502
100 111491266702827125806
101 131214988136859888248
102 154137933347282651280
103 180817252417066104686
104 211731542358085890900
105 247604776084038594046
106 289053256976000572982
107 337012977345664915002
108 392273623541999360040
109 456039416797716406140
110 529317363333332295736
111 613649531986900305748
112 710314139385773698980
113 821276987466477296030
114 948153344477736602488
115 1093438294766051063492
116 1259164297704388884234
117 1448484958695720849774
118 1663947117337244450910
119 1909520583941538446674
120 2188384031758256581504
121 2505515207655594349884
122 2864866081586295518822
123 3272654697877498477042
124 3733776147343238379722
125 4255969472209813835766
126 4845276111546037592022
127 5511294154780151319094
128 6261453846835249198722
129 7107618223039283076986
130 8058894739285659276892
131 9129897333256791470882
132 10331752749203686181592
133 11682406001961967570004
134 13195407735873982477504
135 14892724823307861981530
136 16790809098616878285448
137 18916469599212851380750
138 21289620902713980719756
139 23942885847233180919586
140 26900300772687890825846
141 30201450347669525490634
142 33875264173675702444846
143 37969641934750666375470
144 42519307513783003895526
145 47582066886764230633230
146 53199488059204195282872
147 59441150312311278593192
148 66356686256861000417712
149 74029634176187318430442
150 82519107032034459817992
151 91925155397590088144732
152 102318011326230127197438
153 113817214156063686608560
154 126506007948290553919524
155 140526883560288611088372
156 155978279150342524977860
157 173029657608090612031518
158 191797161666350450884340
159 212481885369012401016002
160 235220558758858626089378
161 260251296069683319356600
162 287734718646172566237554
163 317952182814276539255706
164 351091981109887174654618
165 387485882632757374747558
166 427354167738105605915136
167 471087268072888267972872
168 518942372823373798235118
169 571378051341926517619632
170 628694002140195925863650
171 691427796823483715454838
172 759928006463932769560342
173 834823642465966538296246
174 916519366613979202274312
175 1005749845943248182893280
176 1102984007928093989596122
177 1209078398578256755453164
178 1324575455385030666893022
179 1450472089820307389982212
180 1587394687151004001446164
181 1736501558672547183628962
182 1898514805271369936996228
183 2074778037057495929547288
184 2266122318780239351924682
185 2474103674952009859792264
186 2699677027967544393688358
187 2944641539569290519989698
188 3210092710329218484983148
189 3498107602366643727517862
190 3809941040327402015520034
191 4147987269767130394696780
192 4513681428110775900495166
193 4909779277854893928735816
194 5337919738506055486430382
195 5801270059712163430560026
196 6301699152716471214978654
197 6842842008403848584726888
198 7426826763207289051570628
199 8057819400895288201716906
200 8738239849308217243207488
201 9472856120563045687656956
202 10264416169330681294558376
203 11118369720721713856823390
204 12037833026851784725707216
205 13029026811172944937889860
206 14095480326774393891195942
207 15244285226784278455623674
208 16479433333502894666964208
209 17808998954286174737632080
210 19237491381922840558854084
211 20774092353759356443311050
212 22423889374864688217306614
213 24197310817786663820703798
214 26100089531564113909541044
215 28144055667271227911869026
216 30335661533710932579013042
217 32688311791969082929903506
218 35209259952615532260014916
219 37913677309568192162993384
220 40809708636628908848950070
221 43914505343605389909273982
222 47237202596282765597794300
223 50797168911802652128070394
224 54604638849961594153597824
225 58681460876937971271536754
226 63039088689799589407045056
227 67702141946813372320278142
228 72683424900713483122458542
229 78010650823158521076674020
230 83698118620110725897978804
231 89776991796628618630649876
232 96263221767190776805580670
233 103191816371926977021414616
234 110580552304543050150253104
235 118468716889297804145452098
236 126876101026911656317320402
237 135846751592326484523855170
238 145402680108818304638413348
239 155593222183622221185295844
240 166442835290854117222936042
241 178006726616332584326114702
242 190312045350865818996685096
243 203420511697736931142607962
244 217362234398317361069153530
245 232206152038950201363447438
246 247985624555566460658319070
247 264777583979973869854316218
248 282618958756828348537938554
249 301595525360336378136968366
250 321748125712764592812763292
251 343172314401186137229066932
252 365913221564972693698257942
253 390077203524164365135621734
254 415714085399659875974744344
255 442942146665430822164401208
256 471816348613405554204848514
257 502468121560070502700473272
258 534958041136630489171386088
259 569432031583473465636142154
260 605956800733202634319626728
261 644694235053424882820253900
262 685717735019020991001781024
263 729206753431396576290368626
264 775241989490545827116474538
265 824022213626250401319260932
266 875636078738785198574412656
267 930303583611255869229190814
268 988122042158469300082888432
269 1049334764829617432380692426
270 1114048489859996096962153078
271 1182532109398825791439286458
272 1254902609167830502321401392
273 1331456934945046466106686366
274 1412323207058623479460507490
275 1497829115021095817915391460
276 1588114869171407119030426434
277 1683541828501648173562570316
278 1784263321627574002046341486
279 1890677557124310529806090442
280 2002952087847429385932973790
281 2121525426473018775366123854
282 2246580538861239462448330720
283 2378599992199523348512299474
284 2517783442305052495180105414
285 2664661580169128491831881574
286 2819452122385084446427696144
287 2982738296518794480237588470
288 3154757350610057647162922868
289 3336149831350497421392551514
290 3527174095050397800324900468
291 3728533187972689372116094544
292 3940508264309350215735331908
293 4163870478271106470110083584
294 4398925591307667886420840792
295 4646518933961252203125554950
296 4906982811415387002751560960
297 5181243293173996446976103362
298 5469661299437132735675393460
299 5773250732079329936569069752
300 6092403340498401029032294224
