6 8
7 42
8 100
9 200
10 340
11 546
12 810
13 1170
14 1610
15 2180
16 2856
17 3702
18 4682
19 5878
20 7240
21 8868
22 10698
23 12850
24 15242
25 18018
26 21076
27 24584
28 28420
29 32778
30 37512
31 42846
32 48608
33 55052
34 61980
35 69678
36 77918
37 87022
38 96730
39 107400
40 118740
41 131146
42 144290
43 158610
44 173740
45 190160
46 207466
47 226182
48 245862
49 267078
50 289340
51 313268
52 338328
53 365190
54 393272
55 423298
56 454636
57 488064
58 522900
59 559978
60 598562
61 639546
62 682138
63 727292
64 774160
65 823758
66 875178
67 929502
68 985760
69 1045100
70 1106490
71 1171146
72 1237970
73 1308250
74 1380820
75 1457040
76 1535676
77 1618162
78 1703192
79 1792278
80 1884040
81 1980068
82 2078908
83 2182230
84 2288502
85 2399478
86 2513546
87 2632544
88 2754780
89 2882178
90 3012962
91 3149146
92 3288868
93 3434232
94 3583290
95 3738238
96 3897038
97 4061982
98 4230940
99 4406300
100 4585840
101 4772046
102 4962600
103 5160090
104 5362100
105 5571320
106 5785236
107 6006642
108 6232922
109 6466978
110 6706090
111 6953268
112 7205688
113 7466470
114 7732682
115 8007558
116 8288056
117 8577524
118 8872810
119 9177378
120 9487962
121 9808146
122 10134548
123 10470872
124 10813620
125 11166618
126 11526248
127 11896462
128 12273520
129 12661500
130 13056540
131 13462846
132 13876430
133 14301630
134 14734330
135 15179000
136 15631396
137 16096122
138 16568802
139 17054178
140 17547740
141 18054368
142 18569418
143 19097910
144 19635062
145 20186038
146 20745916
147 21320004
148 21903240
149 22501078
150 23108312
151 23730546
152 24362428
153 25009712
154 25666900
155 26339898
156 27023058
157 27722442
158 28432250
159 29158700
160 29895840
161 30650046
162 31415210
163 32197870
164 32991760
165 33803580
166 34626906
167 35468602
168 36322082
169 37194378
170 38078740
171 38982368
172 39898348
173 40834050
174 41782392
175 42750918
176 43732376
177 44734484
178 45749820
179 46786278
180 47836262
181 48907846
182 49993258
183 51100752
184 52222380
185 53366578
186 54525218
187 55706922
188 56903380
189 58123400
190 59358490
191 60617646
192 61892190
193 63191310
194 64506140
195 65846060
196 67202016
197 68583582
198 69981512
199 71405578
200 72846340
201 74313768
202 75798228
203 77309890
204 78838922
205 80395698
206 81970186
207 83572964
208 85193800
209 86843478
210 88511562
211 90209046
212 91925288
213 93671492
214 95436810
215 97232658
216 99047978
217 100894402
218 102760660
219 104658600
220 106576740
221 108527146
222 110498120
223 112501950
224 114526720
225 116584940
226 118664476
227 120778062
228 122913342
229 125083278
230 127275290
231 129502568
232 131752308
233 134037930
234 136346402
235 138691378
236 141059596
237 143464944
238 145893930
239 148360678
240 150851462
241 153380646
242 155934268
243 158526932
244 161144440
245 163801638
246 166484088
247 169206882
248 171955340
249 174744800
250 177560340
251 180417546
252 183301250
253 186227290
254 189180250
255 192176220
256 195199536
257 198266542
258 201361322
259 204500478
260 207667840
261 210880268
262 214121338
263 217408170
264 220724082
265 224086458
266 227478356
267 230917424
268 234386460
269 237903378
270 241450712
271 245046646
272 248673448
273 252349572
274 256057020
275 259814518
276 263603798
277 267443862
278 271316170
279 275240000
280 279196540
281 283205346
282 287247330
283 291342330
284 295470980
285 299653400
286 303869946
287 308141022
288 312446702
289 316807678
290 321203740
291 325655868
292 330143568
293 334688110
294 339268712
295 343906938
296 348581716
297 353314904
298 358085140
299 362914578
300 367781562
