20 8152860
21 73424650
22 325703336
23 1165777458
24 3539266774
25 9771953456
26 24677860682
27 58874151598
28 132312140590
29 285700736924
30 590523787012
31 1183776644854
32 2293787175536
33 4337132101822
34 7977934167758
35 14381671863218
36 25336232165082
37 43880274723978
38 74521747101394
39 124717280423346
40 205207403499040
41 333350685476084
42 533497988508366
43 844226970936474
44 1318371575251540
45 2038201903691442
46 3113940042810870
47 4714659410408034
48 7062335788150014
49 10493010482450950
50 15439671857778198
51 22550255984796760
52 32645153714176888
53 46939562198733872
54 66947101442773704
55 94889725037773474
56 133492681414126440
57 186724893748261510
58 259383854829026270
59 358407540682028132
60 492067221719276404
61 672250668749505432
62 912945045270396970
63 1234143755511470772
64 1659077758152454294
65 2220794626731856930
66 2957235110244828070
67 3922145898330790438
68 5176525045107718376
69 6806465677836032216
70 8908600170398633790
71 11618883032378693562
72 15088291775073604976
73 19528659769426691452
74 25172815869111186460
75 32346676343581943040
76 41404905752548339322
77 52842994795072946136
78 67194954173558438052
79 85205626171648377196
80 107670261664713118948
81 135696635610753473650
82 170456753846122363418
83 213581549338015669732
84 266781262045006310290
85 332434039802840026764
86 413012170290625298262
87 511951741470897158746
88 632794790507804632218
89 780462870684914772230
90 959987543641069445540
91 1178359644680904068114
92 1442668724921128555692
93 1762766441366985568254
94 2148564765058299348890
95 2613842013461786469802
96 3172353649259576238260
97 3843230470395130145618
98 4645426577920250291134
99 5605320714924615863954
100 6748853127044787491386
101 8112155227007922784396
102 9730497375044861672896
103 11653054484875952422870
104 13927483394396083263278
105 16620302378952625116608
106 19795518491020517319308
107 23542581952095953812952
108 27946963839272405458616
109 33128272983680896076612
110 39200009139867035093016
111 46321238982852169637182
112 54641877599164354393144
113 64372359456878178775462
114 75709679791940338910344
115 88930825400870118866356
116 104293373086849983408168
117 122160136933274202298954
118 142866294394250577954236
119 166884851107751720885978
120 194649949532793182819012
121 226775459087499189896424
122 263821199004100304617128
123 306580364317856077837130
124 355771719596754506185702
125 412415832381192770555408
126 477431692630649692713308
127 552127041024820562581632
128 637672128710251605786362
129 735736035313771510011032
130 847803149725524977486184
131 975995556610160056975350
132 1122188984916916189717950
133 1289071443591224974227464
134 1479004482930618327231032
135 1695380688282070794431632
136 1941162691451731530369512
137 2220617371975300718046142
138 2537448618815986178370784
139 2897004720671241418520962
140 3303900791208027629277450
141 3764818538483172340410304
142 4285489794251462108781714
143 4874235448752264830253164
144 5538151796750602144929166
145 6287568864063009837489772
146 7131245275092467292202512
147 8081966606906372655282250
148 9150510989885639221800606
149 10352656825073849027558174
150 11701628937232205977857100
151 13216843528899919090199878
152 14914481758649358232079692
153 16818369989116364527631784
154 18948252229674807573597434
155 21333287674343652921323124
156 23997503274835265645134316
157 26976490711538461291548146
158 30299412830342414049909238
159 34009601395381198530020210
160 38142363190931463161696392
161 42750321470888619864913926
162 47876115673921934009445472
163 53583497231895558635853120
164 59923837001506816416200560
165 66974184432557702312904392
166 74796284285327462849421110
167 83483042172505070869378236
168 93108501498676106464524666
169 103784433923669771471011836
170 115599432509288371330891906
171 128687669420860220264591960
172 143154914858731745107036782
173 159161884015822452063634188
174 176834585329344615990682306
175 196365123153739431547569154
176 217903303837551231607925900
177 241678279817887398726713494
178 267867787326319675442802648
179 296744623144605814153245952
180 328519241192702259131821804
181 363515758083505590615797458
182 401982883580973019678180238
183 444304970226948129060110976
184 490775378918366434235610834
185 541849038141615544475845144
186 597871332817554825905630502
187 659379739220522917873478670
188 726780152505701880341124946
189 800706435897817170385936904
190 881634747002947220793522470
191 970311308849745716721195058
192 1067293731265087383282733584
193 1173459004531536696288848016
194 1289459010504059948444300938
195 1416322688242883806582598018
196 1554810857174149099121555078
197 1706128743243579431746482778
198 1871162856135471670735084344
199 2051322633838466244935407940
200 2247639385974901963992391712
201 2461758758629992072089213162
202 2694878629312831572065542150
203 2948917462357974382640215796
204 3225264465343474582152030764
205 3526152754237406558618036944
206 3853190997315180019976717468
207 4208974701080446113015267228
208 4595363909921337740919467598
209 5015370928670844377531148380
210 5471143340727084318306554318
211 5966172179102002820672334910
212 6502933490230400284784566408
213 7085467439702454688646859542
214 7716624791744860722212161106
215 8401074785744952450089906200
216 9142095120185637957719336504
217 9945074769766128822409428702
218 10813777243653643632097744842
219 11754413950848142272496893302
220 12771300519510714068413788588
221 13871586993935341306603606666
222 15060215713970646100229222188
223 16345406688981946732255697380
224 17732812788163465310772175818
225 19231872249789394011259201482
226 20849042551783574874132459954
227 22595147360704221041097288406
228 24477554246015757134297120404
229 26508660654429410173198110510
230 28696862389286173770162431188
231 31056342635223697255542986498
232 33596657612020414820549112732
233 36334014518588459251149746712
234 39279277730234416104836151544
235 42450946051773785094695188964
236 45861356973426923877604965522
237 49531601120463812685942583502
238 53475673101687097840982192754
239 57717591848054181094900729180
240 62273214132843665302206786064
241 67169863968131109394950342668
242 72425488566448396581171706994
243 78071138512168019407269334912
244 84127105351969376732572800950
245 90628637318145294996684607840
246 97598652419367999844660190032
247 105077122547915151952510250354
248 113089905387949655210852316554
249 121682283318953946165719392052
250 130883401111883873797018697064
251 140744505728150999461733203480
252 151298414027195978265088893712
253 162603065991236836038131080906
254 174695376855765944452248990952
255 187640790162467262804508751206
256 201480791118752450347759757232
257 216289227957801060572532179956
258 232112677138186681220143781002
259 249034392605106005709866883998
260 267106617786110575533550536402
261 286423123412574211271447217820
262 307042455202082082766523424246
263 329070132908898911086629931142
264 352571705070396701696258232430
265 377665805995036316377854941382
266 404425758858092057173939983348
267 432984824588622326221864250344
268 463424950695777791382592989704
269 495895697771419373453876924094
270 530488572369696117908198217614
271 567371284502740914255953213594
272 606645927221479671201778310652
273 648500403575084415873987096124
274 693048521660446078607490468296
275 740500633702007381118253468922
276 790983501522990170334368183528
277 844732415484908932259578530090
278 901888449708304115614201723686
279 962714576549760612402052793928
280 1027367671425572163111089851040
281 1096141411424665488548035481522
282 1169210104054089704977634348536
283 1246901458795035751599046533990
284 1329409000096582410573114331746
285 1417098130678857398339398742254
286 1510183544052642820440695276626
287 1609072360866885440484983524094
288 1714002577312266706095608798206
289 1825427453732021109092318531734
290 1943610619431062854071871449868
291 2069056329292477793710389061488
292 2202056389464605956312476790394
293 2343171376282328770120282027688
294 2492724047479239149480105763818
295 2651337142012292678009968882672
296 2819367393994108059718623451584
297 2997506106068953695619916215988
298 3186147284022287662546594299980
299 3386057804482207405826271418826
300 3597672532649985344924648606090
301 3821841591973338606210432117834
302 4059044610809113287085287445780
303 4310223352369353580261112488222
304 4575906453152104115247869360730
305 4857136491327646133072316157614
306 5154495724825952264829205071616
307 5469137571258720583313158868256
308 5801702920567790724473826393526
309 6153466975869028504952460356846
310 6525134698015249771344486583750
311 6918115021182336653457854473968
312 7333182877555743940983143281820
313 7771893961353884195732113727706
314 8235099573550309628402130279834
315 8724516371190755908342038410628
